0 0 14 0 0 5 0 46 0 0 0 0 0 0 0 0 41 0 0 54 50 0 0 0 0 0 0 0 0 0 
0 0 0 49 0 0 0 0 0 0 26 29 78 83 89 0 64 0 0 0 0 77 55 0 0 0 78 0 0 0 
14 0 0 0 5 0 0 0 0 0 0 0 0 0 6 67 0 0 0 65 0 0 0 0 0 0 0 0 64 18 
0 49 0 0 0 64 0 0 0 0 30 0 0 0 0 0 85 0 25 0 0 0 0 46 0 43 0 0 0 0 
0 0 5 0 0 0 0 0 56 0 0 0 51 0 0 0 90 0 0 63 0 0 0 0 0 0 13 0 0 0 
5 0 0 64 0 0 0 32 0 0 0 0 0 0 0 0 0 0 0 0 0 0 0 0 0 0 27 0 19 41 
0 0 0 0 0 0 0 0 0 0 0 0 0 0 0 89 0 38 0 0 0 0 0 35 0 0 79 0 0 0 
46 0 0 0 0 32 0 0 0 55 75 0 0 0 22 0 11 0 70 0 18 0 0 0 0 45 64 0 0 42 
0 0 0 0 56 0 0 0 0 0 0 0 0 5 0 0 0 0 67 34 0 0 0 0 0 0 32 0 0 0 
0 0 0 0 0 0 0 55 0 0 0 0 23 0 0 0 48 10 0 7 0 0 34 0 0 0 87 0 32 70 
0 26 0 30 0 0 0 75 0 0 0 0 0 0 0 0 0 0 0 0 0 0 0 0 0 0 0 0 0 33 
0 29 0 0 0 0 0 0 0 0 0 0 0 0 0 0 0 0 74 0 0 16 0 0 0 37 0 14 0 0 
0 78 0 0 51 0 0 0 0 23 0 0 0 0 0 11 0 0 0 0 0 0 0 0 0 0 0 0 0 0 
0 83 0 0 0 0 0 0 5 0 0 0 0 0 0 0 70 40 0 61 0 15 0 0 0 0 0 0 0 0 
0 89 6 0 0 0 0 22 0 0 0 0 0 0 0 52 0 0 0 0 0 0 81 0 0 82 0 27 0 0 
0 0 67 0 0 0 89 0 0 0 0 0 11 0 52 0 0 0 50 0 22 0 0 0 39 0 0 0 0 0 
41 64 0 85 90 0 0 11 0 48 0 0 0 70 0 0 0 0 46 4 0 80 0 0 0 0 54 26 0 0 
0 0 0 0 0 0 38 0 0 10 0 0 0 40 0 0 0 0 0 0 0 0 0 0 0 0 0 0 0 65 
0 0 0 25 0 0 0 70 67 0 0 74 0 0 0 50 46 0 0 0 0 0 0 0 25 0 60 0 49 74 
54 0 65 0 63 0 0 0 34 7 0 0 0 61 0 0 4 0 0 0 0 0 0 18 0 0 0 43 0 22 
50 0 0 0 0 0 0 18 0 0 0 0 0 0 0 22 0 0 0 0 0 63 16 0 0 0 0 0 0 0 
0 77 0 0 0 0 0 0 0 0 0 16 0 15 0 0 80 0 0 0 63 0 39 0 0 0 0 0 87 0 
0 55 0 0 0 0 0 0 0 34 0 0 0 0 81 0 0 0 0 0 16 39 0 0 0 0 0 0 0 0 
0 0 0 46 0 0 35 0 0 0 0 0 0 0 0 0 0 0 0 18 0 0 0 0 0 8 0 0 0 0 
0 0 0 0 0 0 0 0 0 0 0 0 0 0 0 39 0 0 25 0 0 0 0 0 0 0 86 0 0 0 
0 0 0 43 0 0 0 45 0 0 0 37 0 0 82 0 0 0 0 0 0 0 0 8 0 0 0 0 77 0 
0 78 0 0 13 27 79 64 32 87 0 0 0 0 0 0 54 0 60 0 0 0 0 0 86 0 0 0 0 0 
0 0 0 0 0 0 0 0 0 0 0 14 0 0 27 0 26 0 0 43 0 0 0 0 0 0 0 0 0 0 
0 0 64 0 0 19 0 0 0 32 0 0 0 0 0 0 0 0 49 0 0 87 0 0 0 77 0 0 0 61 
0 0 18 0 0 41 0 42 0 70 33 0 0 0 0 0 0 65 74 22 0 0 0 0 0 0 0 0 61 0 
