0 0 0 0 0 0 0 0 0 0 0 0 0 15 7 8 0 0 0 0 0 0 0 0 28 0 0 0 0 0 67 15 0 0 0 0 0 0 53 85 
0 0 0 0 0 0 0 65 0 0 0 0 0 0 0 0 0 0 90 0 0 0 0 54 89 42 0 0 0 0 0 31 0 0 0 0 0 0 0 0 
0 0 0 0 0 0 0 0 0 0 0 0 0 0 0 0 0 0 0 48 81 0 27 14 0 0 0 0 0 0 0 0 0 0 0 0 0 0 0 59 
0 0 0 0 0 19 0 0 0 0 0 34 0 0 0 0 60 0 0 0 0 0 0 50 0 0 0 0 0 0 0 7 0 0 0 0 5 0 0 0 
0 0 0 0 0 24 0 0 0 0 0 0 0 0 0 0 0 0 0 0 0 87 69 0 0 0 0 0 0 0 0 0 0 68 0 0 0 0 0 0 
0 0 0 19 24 0 0 0 0 28 0 0 0 77 0 75 78 0 0 0 0 0 0 0 0 0 0 0 0 32 37 0 0 0 0 0 0 72 0 0 
0 0 0 0 0 0 0 0 0 0 0 0 0 52 0 63 0 0 0 0 0 9 0 45 68 0 0 0 0 0 0 0 0 62 0 53 0 0 0 0 
0 65 0 0 0 0 0 0 0 0 0 0 0 0 0 0 0 0 0 0 78 0 25 0 14 0 48 0 0 0 0 0 37 0 0 69 0 0 0 0 
0 0 0 0 0 0 0 0 0 0 0 0 0 0 85 0 0 84 0 0 0 0 0 0 0 0 0 0 0 0 66 0 0 17 0 0 0 0 0 0 
0 0 0 0 0 28 0 0 0 0 0 26 0 0 0 0 0 0 0 0 0 0 0 0 0 0 0 0 23 0 0 0 0 26 0 0 0 0 0 0 
0 0 0 0 0 0 0 0 0 0 0 0 0 0 0 0 0 0 0 7 0 0 0 16 0 0 0 68 0 0 0 0 0 0 0 0 0 0 0 0 
0 0 0 34 0 0 0 0 0 26 0 0 19 0 0 0 0 0 0 0 0 0 0 0 0 0 0 0 0 0 0 0 0 0 0 0 25 69 0 0 
0 0 0 0 0 0 0 0 0 0 0 19 0 0 0 0 0 0 0 0 0 13 0 0 0 0 0 0 0 0 0 0 0 0 19 0 0 37 0 0 
15 0 0 0 0 77 52 0 0 0 0 0 0 0 0 0 0 0 0 0 0 0 0 0 0 0 0 0 87 0 0 0 0 0 0 0 0 0 0 0 
7 0 0 0 0 0 0 0 85 0 0 0 0 0 0 0 0 0 0 0 0 0 27 0 0 0 0 0 0 0 0 0 0 0 12 0 0 0 7 0 
8 0 0 0 0 75 63 0 0 0 0 0 0 0 0 0 0 0 0 0 0 0 88 0 0 0 0 0 0 35 0 0 0 0 0 86 0 0 0 0 
0 0 0 60 0 78 0 0 0 0 0 0 0 0 0 0 0 0 0 0 0 0 0 0 0 0 0 28 0 0 0 0 0 0 0 0 0 0 0 0 
0 0 0 0 0 0 0 0 84 0 0 0 0 0 0 0 0 0 0 0 0 0 0 0 0 0 0 0 0 0 0 0 0 0 16 0 0 0 0 12 
0 90 0 0 0 0 0 0 0 0 0 0 0 0 0 0 0 0 0 0 0 0 0 0 0 0 84 0 0 0 78 0 50 51 0 4 0 0 0 0 
0 0 48 0 0 0 0 0 0 0 7 0 0 0 0 0 0 0 0 0 37 0 0 0 0 0 28 0 0 0 84 0 6 0 0 0 0 0 0 0 
0 0 81 0 0 0 0 78 0 0 0 0 0 0 0 0 0 0 0 37 0 0 0 0 0 0 0 0 0 30 32 0 53 0 0 0 0 0 33 0 
0 0 0 0 87 0 9 0 0 0 0 0 13 0 0 0 0 0 0 0 0 0 0 0 0 0 0 0 0 0 0 0 0 0 0 0 0 0 0 0 
0 0 27 0 69 0 0 25 0 0 0 0 0 0 27 88 0 0 0 0 0 0 0 0 0 0 0 84 15 0 0 0 0 32 0 0 0 24 0 0 
0 54 14 50 0 0 45 0 0 0 16 0 0 0 0 0 0 0 0 0 0 0 0 0 0 0 0 79 0 62 0 72 0 0 0 0 0 0 0 0 
28 89 0 0 0 0 68 14 0 0 0 0 0 0 0 0 0 0 0 0 0 0 0 0 0 0 6 63 0 0 0 0 78 0 0 28 0 90 0 0 
0 42 0 0 0 0 0 0 0 0 0 0 0 0 0 0 0 0 0 0 0 0 0 0 0 0 0 0 0 2 0 0 0 0 0 0 0 0 6 80 
0 0 0 0 0 0 0 48 0 0 0 0 0 0 0 0 0 0 84 28 0 0 0 0 6 0 0 0 31 0 84 0 26 0 0 69 17 0 0 0 
0 0 0 0 0 0 0 0 0 0 68 0 0 0 0 0 28 0 0 0 0 0 84 79 63 0 0 0 0 54 0 0 0 0 0 0 0 0 0 88 
0 0 0 0 0 0 0 0 0 23 0 0 0 87 0 0 0 0 0 0 0 0 15 0 0 0 31 0 0 0 0 0 0 0 0 0 0 0 20 25 
0 0 0 0 0 32 0 0 0 0 0 0 0 0 0 35 0 0 0 0 30 0 0 62 0 2 0 54 0 0 53 71 45 0 0 0 72 47 38 0 
67 0 0 0 0 37 0 0 66 0 0 0 0 0 0 0 0 0 78 84 32 0 0 0 0 0 84 0 0 53 0 0 0 0 88 0 0 0 0 88 
15 31 0 7 0 0 0 0 0 0 0 0 0 0 0 0 0 0 0 0 0 0 0 72 0 0 0 0 0 71 0 0 0 0 0 0 0 0 0 0 
0 0 0 0 0 0 0 37 0 0 0 0 0 0 0 0 0 0 50 6 53 0 0 0 78 0 26 0 0 45 0 0 0 0 0 0 0 67 0 0 
0 0 0 0 68 0 62 0 17 26 0 0 0 0 0 0 0 0 51 0 0 0 32 0 0 0 0 0 0 0 0 0 0 0 0 43 0 0 0 0 
0 0 0 0 0 0 0 0 0 0 0 0 19 0 12 0 0 16 0 0 0 0 0 0 0 0 0 0 0 0 88 0 0 0 0 0 0 0 0 0 
0 0 0 0 0 0 53 69 0 0 0 0 0 0 0 86 0 0 4 0 0 0 0 0 28 0 69 0 0 0 0 0 0 43 0 0 0 0 22 26 
0 0 0 5 0 0 0 0 0 0 0 25 0 0 0 0 0 0 0 0 0 0 0 0 0 0 17 0 0 72 0 0 0 0 0 0 0 0 0 80 
0 0 0 0 0 72 0 0 0 0 0 69 37 0 0 0 0 0 0 0 0 0 24 0 90 0 0 0 0 47 0 0 67 0 0 0 0 0 0 0 
53 0 0 0 0 0 0 0 0 0 0 0 0 0 7 0 0 0 0 0 33 0 0 0 0 6 0 0 20 38 0 0 0 0 0 22 0 0 0 0 
85 0 59 0 0 0 0 0 0 0 0 0 0 0 0 0 0 12 0 0 0 0 0 0 0 80 0 88 25 0 88 0 0 0 0 26 80 0 0 0 
