0 0 0 34 0 0 0 71 0 0 0 1 0 0 0 0 0 59 0 67 71 15 22 0 0 0 0 0 0 0 
0 0 0 0 7 0 0 0 84 0 0 10 0 83 0 0 0 0 22 0 71 0 32 60 0 50 0 6 89 73 
0 0 0 26 0 0 5 40 48 0 22 62 0 0 0 0 36 0 0 0 8 0 0 0 0 0 0 80 5 0 
34 0 26 0 0 87 0 0 0 0 0 44 0 0 0 0 0 0 0 0 0 0 0 0 0 35 0 0 0 0 
0 7 0 0 0 0 90 0 0 0 28 0 0 0 0 72 0 67 0 0 0 0 0 31 61 76 0 0 43 0 
0 0 0 87 0 0 0 0 0 0 21 0 61 0 0 0 0 32 0 5 42 32 47 0 0 0 0 0 0 0 
0 0 5 0 90 0 0 0 0 54 0 0 0 50 0 0 0 62 37 0 0 0 82 0 0 0 0 0 0 0 
71 0 40 0 0 0 0 0 61 8 53 0 0 0 90 0 38 0 0 0 77 0 0 0 0 0 0 0 0 34 
0 84 48 0 0 0 0 61 0 54 0 0 37 0 43 90 0 24 38 0 0 0 3 0 0 0 79 0 0 0 
0 0 0 0 0 0 54 8 54 0 0 0 0 0 0 0 0 0 0 70 0 0 0 0 0 0 0 0 46 0 
0 0 22 0 28 21 0 53 0 0 0 0 61 0 0 0 0 0 0 51 0 0 0 0 0 0 0 0 8 9 
1 10 62 44 0 0 0 0 0 0 0 0 0 0 0 0 10 0 0 50 0 0 10 48 0 0 0 0 0 0 
0 0 0 0 0 61 0 0 37 0 61 0 0 0 0 83 0 0 0 0 0 0 0 31 50 0 0 0 0 0 
0 83 0 0 0 0 50 0 0 0 0 0 0 0 0 0 37 36 0 0 69 79 0 0 0 0 76 40 36 0 
0 0 0 0 0 0 0 90 43 0 0 0 0 0 0 11 0 0 83 0 9 0 0 0 0 0 0 0 0 0 
0 0 0 0 72 0 0 0 90 0 0 0 83 0 11 0 0 0 0 45 0 0 0 50 0 0 0 53 0 39 
0 0 36 0 0 0 0 38 0 0 0 10 0 37 0 0 0 35 0 0 0 73 68 9 0 54 0 0 74 79 
59 0 0 0 67 32 62 0 24 0 0 0 0 36 0 0 35 0 0 0 0 0 0 0 0 0 76 0 0 63 
0 22 0 0 0 0 37 0 38 0 0 0 0 0 83 0 0 0 0 1 0 0 0 0 0 42 47 0 0 0 
67 0 0 0 0 5 0 0 0 70 51 50 0 0 0 45 0 0 1 0 44 0 0 0 0 62 0 0 0 0 
71 71 8 0 0 42 0 77 0 0 0 0 0 69 9 0 0 0 0 44 0 21 0 18 61 0 0 33 0 0 
15 0 0 0 0 32 0 0 0 0 0 0 0 79 0 0 73 0 0 0 21 0 39 80 62 0 0 0 0 83 
22 32 0 0 0 47 82 0 3 0 0 10 0 0 0 0 68 0 0 0 0 39 0 0 0 61 0 68 0 0 
0 60 0 0 31 0 0 0 0 0 0 48 31 0 0 50 9 0 0 0 18 80 0 0 0 0 0 0 0 0 
0 0 0 0 61 0 0 0 0 0 0 0 50 0 0 0 0 0 0 0 61 62 0 0 0 45 13 0 0 20 
0 50 0 35 76 0 0 0 0 0 0 0 0 0 0 0 54 0 42 62 0 0 61 0 45 0 0 37 0 0 
0 0 0 0 0 0 0 0 79 0 0 0 0 76 0 0 0 76 47 0 0 0 0 0 13 0 0 0 55 0 
0 6 80 0 0 0 0 0 0 0 0 0 0 40 0 53 0 0 0 0 33 0 68 0 0 37 0 0 88 0 
0 89 5 0 43 0 0 0 0 46 8 0 0 36 0 0 74 0 0 0 0 0 0 0 0 0 55 88 0 0 
0 73 0 0 0 0 0 34 0 0 9 0 0 0 0 39 79 63 0 0 0 83 0 0 20 0 0 0 0 0 
