0 72 95 0 0 0 0 0 0 0 18 0 0 28 0 0 0 44 0 0 0 0 0 0 0 0 0 0 0 0 0 0 0 0 0 0 0 0 0 0 68 0 0 0 0 
72 0 82 0 0 0 0 0 0 0 0 0 0 0 0 0 0 0 0 0 0 0 0 0 0 0 7 0 0 0 0 0 0 4 0 0 0 96 0 59 0 0 0 92 23 
95 82 0 0 0 0 92 0 0 0 0 0 0 0 0 12 0 0 0 0 56 0 0 0 0 0 0 0 0 0 46 0 0 15 0 11 0 0 0 99 100 54 0 0 0 
0 0 0 0 0 0 0 0 47 0 17 0 0 0 0 0 39 51 0 0 0 0 0 0 0 0 0 58 0 0 0 42 0 0 0 0 0 0 0 0 53 0 0 0 0 
0 0 0 0 0 0 62 0 0 0 0 0 49 35 0 0 0 0 0 0 0 0 0 0 0 0 0 0 42 0 1 44 0 0 0 0 95 0 0 0 0 0 0 0 0 
0 0 0 0 0 0 0 75 0 0 0 0 0 0 0 92 0 0 0 0 0 0 0 0 0 0 0 0 0 75 0 75 0 0 0 0 0 0 0 0 45 0 0 0 0 
0 0 92 0 62 0 0 17 0 0 0 29 22 0 0 0 0 0 0 0 0 0 0 0 0 0 0 0 0 0 3 0 0 0 0 0 0 0 34 70 0 0 0 0 0 
0 0 0 0 0 75 17 0 0 0 0 96 25 0 0 0 0 0 0 34 0 0 0 19 0 0 43 0 38 0 0 0 0 0 0 0 0 0 0 0 0 0 0 0 0 
0 0 0 47 0 0 0 0 0 0 0 0 0 0 0 0 0 0 0 85 0 0 0 0 0 100 0 0 0 0 0 0 0 0 0 0 0 0 0 0 92 0 11 0 0 
0 0 0 0 0 0 0 0 0 0 0 45 0 0 0 0 0 0 0 28 0 0 0 0 47 0 0 18 0 0 0 0 0 0 75 0 0 0 0 0 0 11 0 96 0 
18 0 0 17 0 0 0 0 0 0 0 26 0 0 0 0 0 0 0 0 0 0 0 0 17 0 0 0 0 97 0 0 0 0 98 64 0 0 0 0 81 41 74 0 0 
0 0 0 0 0 0 29 96 0 45 26 0 0 0 0 0 0 0 0 0 44 0 0 0 75 0 0 0 0 80 0 0 0 56 0 0 0 0 4 0 0 0 0 82 0 
0 0 0 0 49 0 22 25 0 0 0 0 0 0 0 0 0 0 73 0 0 75 0 0 0 0 0 0 0 49 0 73 0 0 0 0 0 0 0 0 0 24 0 0 0 
28 0 0 0 35 0 0 0 0 0 0 0 0 0 0 0 0 12 0 3 0 26 0 0 0 0 0 0 0 0 0 0 3 0 88 0 35 0 0 0 0 0 0 0 0 
0 0 0 0 0 0 0 0 0 0 0 0 0 0 0 0 0 0 0 0 0 60 0 0 97 0 42 0 0 0 0 0 0 0 0 0 0 0 97 0 63 0 0 0 0 
0 0 12 0 0 92 0 0 0 0 0 0 0 0 0 0 0 13 0 0 94 81 0 24 0 0 0 0 0 49 0 0 80 0 0 0 0 0 0 0 0 0 0 0 73 
0 0 0 39 0 0 0 0 0 0 0 0 0 0 0 0 0 68 100 0 96 0 0 0 0 0 0 0 0 0 0 0 0 0 0 0 0 0 0 0 0 22 0 45 0 
44 0 0 51 0 0 0 0 0 0 0 0 0 12 0 13 68 0 0 5 0 0 0 0 0 11 0 0 0 0 0 0 0 0 0 0 0 0 0 0 0 0 26 0 0 
0 0 0 0 0 0 0 0 0 0 0 0 73 0 0 0 100 0 0 0 0 0 0 0 22 0 0 98 0 0 0 0 0 0 0 0 0 0 0 0 37 0 0 0 0 
0 0 0 0 0 0 0 34 85 28 0 0 0 3 0 0 0 5 0 0 0 0 0 0 0 0 0 0 0 0 0 0 6 0 0 0 0 0 0 0 0 0 82 0 0 
0 0 56 0 0 0 0 0 0 0 0 44 0 0 0 94 96 0 0 0 0 0 0 0 0 0 0 0 0 0 0 0 0 0 0 0 78 0 0 0 0 0 0 0 0 
0 0 0 0 0 0 0 0 0 0 0 0 75 26 60 81 0 0 0 0 0 0 0 0 0 0 0 0 0 95 0 0 0 0 0 0 0 0 0 0 0 69 55 0 86 
0 0 0 0 0 0 0 0 0 0 0 0 0 0 0 0 0 0 0 0 0 0 0 0 0 0 0 0 0 0 0 0 94 67 0 0 0 44 0 0 0 0 0 81 26 
0 0 0 0 0 0 0 19 0 0 0 0 0 0 0 24 0 0 0 0 0 0 0 0 0 0 0 0 0 0 0 0 0 0 0 0 0 0 0 73 0 0 0 0 0 
0 0 0 0 0 0 0 0 0 47 17 75 0 0 97 0 0 0 22 0 0 0 0 0 0 39 0 0 0 0 0 0 0 0 0 0 57 0 0 0 0 0 0 4 0 
0 0 0 0 0 0 0 0 100 0 0 0 0 0 0 0 0 11 0 0 0 0 0 0 39 0 0 0 0 0 0 0 0 0 61 1 0 0 0 0 0 0 0 0 0 
0 7 0 0 0 0 0 43 0 0 0 0 0 0 42 0 0 0 0 0 0 0 0 0 0 0 0 0 0 0 0 0 0 0 0 0 0 0 0 0 66 0 40 0 63 
0 0 0 58 0 0 0 0 0 18 0 0 0 0 0 0 0 0 98 0 0 0 0 0 0 0 0 0 0 0 0 0 0 0 0 0 0 0 0 0 0 0 32 0 0 
0 0 0 0 42 0 0 38 0 0 0 0 0 0 0 0 0 0 0 0 0 0 0 0 0 0 0 0 0 0 0 0 0 0 52 7 0 74 0 0 0 0 0 0 0 
0 0 0 0 0 75 0 0 0 0 97 80 49 0 0 49 0 0 0 0 0 95 0 0 0 0 0 0 0 0 0 0 0 0 0 0 0 0 0 0 0 0 0 0 0 
0 0 46 0 1 0 3 0 0 0 0 0 0 0 0 0 0 0 0 0 0 0 0 0 0 0 0 0 0 0 0 0 39 0 0 0 0 0 0 0 0 0 0 0 83 
0 0 0 42 44 75 0 0 0 0 0 0 73 0 0 0 0 0 0 0 0 0 0 0 0 0 0 0 0 0 0 0 0 92 0 0 0 0 0 0 7 0 0 0 0 
0 0 0 0 0 0 0 0 0 0 0 0 0 3 0 80 0 0 0 6 0 0 94 0 0 0 0 0 0 0 39 0 0 0 0 63 0 0 0 0 0 0 0 0 0 
0 4 15 0 0 0 0 0 0 0 0 56 0 0 0 0 0 0 0 0 0 0 67 0 0 0 0 0 0 0 0 92 0 0 0 0 0 0 0 0 0 0 0 11 0 
0 0 0 0 0 0 0 0 0 75 98 0 0 88 0 0 0 0 0 0 0 0 0 0 0 61 0 0 52 0 0 0 0 0 0 0 87 0 81 0 0 0 0 0 0 
0 0 11 0 0 0 0 0 0 0 64 0 0 0 0 0 0 0 0 0 0 0 0 0 0 1 0 0 7 0 0 0 63 0 0 0 0 0 0 37 0 12 0 0 0 
0 0 0 0 95 0 0 0 0 0 0 0 0 35 0 0 0 0 0 0 78 0 0 0 57 0 0 0 0 0 0 0 0 0 87 0 0 0 0 0 0 0 0 0 0 
0 96 0 0 0 0 0 0 0 0 0 0 0 0 0 0 0 0 0 0 0 0 44 0 0 0 0 0 74 0 0 0 0 0 0 0 0 0 0 0 0 39 0 0 0 
0 0 0 0 0 0 34 0 0 0 0 4 0 0 97 0 0 0 0 0 0 0 0 0 0 0 0 0 0 0 0 0 0 0 81 0 0 0 0 0 0 0 0 0 0 
0 59 99 0 0 0 70 0 0 0 0 0 0 0 0 0 0 0 0 0 0 0 0 73 0 0 0 0 0 0 0 0 0 0 0 37 0 0 0 0 0 0 0 0 0 
68 0 100 53 0 45 0 0 92 0 81 0 0 0 63 0 0 0 37 0 0 0 0 0 0 0 66 0 0 0 0 7 0 0 0 0 0 0 0 0 0 0 0 0 0 
0 0 54 0 0 0 0 0 0 11 41 0 24 0 0 0 22 0 0 0 0 69 0 0 0 0 0 0 0 0 0 0 0 0 0 12 0 39 0 0 0 0 0 0 0 
0 0 0 0 0 0 0 0 11 0 74 0 0 0 0 0 0 26 0 82 0 55 0 0 0 0 40 32 0 0 0 0 0 0 0 0 0 0 0 0 0 0 0 0 6 
0 92 0 0 0 0 0 0 0 96 0 82 0 0 0 0 45 0 0 0 0 0 81 0 4 0 0 0 0 0 0 0 0 11 0 0 0 0 0 0 0 0 0 0 54 
0 23 0 0 0 0 0 0 0 0 0 0 0 0 0 73 0 0 0 0 0 86 26 0 0 0 63 0 0 0 83 0 0 0 0 0 0 0 0 0 0 0 6 54 0 
