0 0 0 61 0 0 0 0 0 0 0 0 0 0 0 0 0 0 0 0 0 0 0 34 0 0 0 0 2 45 0 0 13 0 0 
0 0 80 0 0 0 6 0 0 0 0 0 0 0 0 0 27 0 29 0 0 75 0 0 0 0 0 0 0 0 0 0 84 0 0 
0 80 0 0 0 0 0 0 0 0 0 0 0 0 31 0 0 51 0 54 0 0 0 0 0 0 0 0 0 0 0 0 0 0 0 
61 0 0 0 0 0 0 0 0 0 0 0 0 0 0 83 85 0 0 59 0 0 0 0 0 0 0 0 0 0 0 0 0 0 0 
0 0 0 0 0 0 0 0 0 0 0 57 0 0 0 0 0 0 0 0 0 85 0 0 0 0 0 0 0 0 0 0 0 0 0 
0 0 0 0 0 0 0 0 0 0 0 0 0 0 0 0 0 0 0 0 0 0 0 62 37 0 0 0 0 0 34 0 0 0 0 
0 6 0 0 0 0 0 0 75 0 38 19 0 40 0 0 0 0 0 0 0 81 0 0 0 0 0 0 0 83 12 0 0 0 0 
0 0 0 0 0 0 0 0 0 0 0 0 0 60 0 0 0 0 34 0 0 0 0 0 0 0 0 0 0 0 85 0 0 0 0 
0 0 0 0 0 0 75 0 0 0 0 0 0 0 0 19 0 0 0 0 0 0 0 0 0 40 0 0 0 0 0 75 0 73 0 
0 0 0 0 0 0 0 0 0 0 71 0 0 0 0 0 0 0 71 0 0 0 0 0 0 0 0 0 0 0 0 0 11 0 0 
0 0 0 0 0 0 38 0 0 71 0 21 0 0 49 70 0 0 0 0 0 0 0 0 7 0 0 0 0 0 0 72 0 0 0 
0 0 0 0 57 0 19 0 0 0 21 0 37 0 0 4 0 0 0 0 0 0 83 0 2 5 80 0 0 0 0 0 0 0 0 
0 0 0 0 0 0 0 0 0 0 0 37 0 0 0 0 0 0 11 0 0 0 0 0 66 0 0 0 0 0 38 0 86 0 0 
0 0 0 0 0 0 40 60 0 0 0 0 0 0 0 0 0 0 0 0 26 0 0 0 0 0 0 0 0 0 0 85 0 0 0 
0 0 31 0 0 0 0 0 0 0 49 0 0 0 0 0 0 0 0 0 0 0 0 35 78 0 0 0 0 0 0 0 0 0 0 
0 0 0 83 0 0 0 0 19 0 70 4 0 0 0 0 0 0 0 56 0 0 0 0 0 0 0 0 31 0 0 0 0 0 0 
0 27 0 85 0 0 0 0 0 0 0 0 0 0 0 0 0 42 0 0 42 0 18 0 0 0 0 0 0 15 0 0 0 0 32 
0 0 51 0 0 0 0 0 0 0 0 0 0 0 0 0 42 0 0 24 0 0 0 0 0 0 0 0 0 0 78 0 0 0 84 
0 29 0 0 0 0 0 34 0 71 0 0 11 0 0 0 0 0 0 0 0 0 0 0 0 0 48 0 0 0 0 0 0 0 0 
0 0 54 59 0 0 0 0 0 0 0 0 0 0 0 56 0 24 0 0 0 76 0 46 0 0 0 0 44 0 0 18 81 0 0 
0 0 0 0 0 0 0 0 0 0 0 0 0 26 0 0 42 0 0 0 0 0 59 0 0 0 0 0 7 0 0 60 0 25 0 
0 75 0 0 85 0 81 0 0 0 0 0 0 0 0 0 0 0 0 76 0 0 0 0 0 0 0 60 0 46 0 0 77 7 37 
0 0 0 0 0 0 0 0 0 0 0 83 0 0 0 0 18 0 0 0 59 0 0 0 0 0 40 10 0 0 0 41 0 0 0 
34 0 0 0 0 62 0 0 0 0 0 0 0 0 35 0 0 0 0 46 0 0 0 0 0 0 0 0 0 0 0 0 0 0 77 
0 0 0 0 0 37 0 0 0 0 7 2 66 0 78 0 0 0 0 0 0 0 0 0 0 62 0 0 0 0 0 0 0 0 0 
0 0 0 0 0 0 0 0 40 0 0 5 0 0 0 0 0 0 0 0 0 0 0 0 62 0 0 69 0 0 0 0 0 0 0 
0 0 0 0 0 0 0 0 0 0 0 80 0 0 0 0 0 0 48 0 0 0 40 0 0 0 0 0 0 26 75 0 0 0 0 
0 0 0 0 0 0 0 0 0 0 0 0 0 0 0 0 0 0 0 0 0 60 10 0 0 69 0 0 37 0 0 73 0 0 42 
2 0 0 0 0 0 0 0 0 0 0 0 0 0 0 31 0 0 0 44 7 0 0 0 0 0 0 37 0 0 8 0 0 59 0 
45 0 0 0 0 0 83 0 0 0 0 0 0 0 0 0 15 0 0 0 0 46 0 0 0 0 26 0 0 0 0 0 0 55 0 
0 0 0 0 0 34 12 85 0 0 0 0 38 0 0 0 0 78 0 0 0 0 0 0 0 0 75 0 8 0 0 0 0 0 80 
0 0 0 0 0 0 0 0 75 0 72 0 0 85 0 0 0 0 0 18 60 0 41 0 0 0 0 73 0 0 0 0 78 0 0 
13 84 0 0 0 0 0 0 0 11 0 0 86 0 0 0 0 0 0 81 0 77 0 0 0 0 0 0 0 0 0 78 0 0 0 
0 0 0 0 0 0 0 0 73 0 0 0 0 0 0 0 0 0 0 0 25 7 0 0 0 0 0 0 59 55 0 0 0 0 17 
0 0 0 0 0 0 0 0 0 0 0 0 0 0 0 0 32 84 0 0 0 37 0 77 0 0 0 42 0 0 80 0 0 17 0 
