0 0 0 28 0 0 0 0 0 0 0 0 0 0 0 0 0 0 0 0 
0 0 0 0 0 0 0 0 0 0 0 0 0 0 0 10 0 0 11 14 
0 0 0 0 0 0 0 10 0 8 0 28 0 0 0 0 0 0 0 0 
28 0 0 0 25 0 0 0 0 17 0 0 0 6 0 1 0 0 0 0 
0 0 0 25 0 0 0 0 0 0 0 7 26 0 0 0 0 0 0 0 
0 0 0 0 0 0 5 0 0 23 0 0 0 0 13 0 0 0 0 0 
0 0 0 0 0 5 0 8 0 0 0 0 0 0 0 0 0 0 0 0 
0 0 10 0 0 0 8 0 21 0 0 0 0 0 0 0 0 0 25 0 
0 0 0 0 0 0 0 21 0 0 0 0 0 0 0 0 0 0 0 0 
0 0 8 17 0 23 0 0 0 0 5 4 0 0 0 0 0 0 0 0 
0 0 0 0 0 0 0 0 0 5 0 0 0 0 0 0 0 0 0 13 
0 0 28 0 7 0 0 0 0 4 0 0 0 22 0 0 25 0 0 0 
0 0 0 0 26 0 0 0 0 0 0 0 0 21 0 0 0 0 0 0 
0 0 0 6 0 0 0 0 0 0 0 22 21 0 0 0 0 0 0 0 
0 0 0 0 0 13 0 0 0 0 0 0 0 0 0 0 0 0 0 0 
0 10 0 1 0 0 0 0 0 0 0 0 0 0 0 0 0 0 0 0 
0 0 0 0 0 0 0 0 0 0 0 25 0 0 0 0 0 0 0 0 
0 0 0 0 0 0 0 0 0 0 0 0 0 0 0 0 0 0 0 0 
0 11 0 0 0 0 0 25 0 0 0 0 0 0 0 0 0 0 0 0 
0 14 0 0 0 0 0 0 0 0 13 0 0 0 0 0 0 0 0 0 
