0 56 0 0 0 0 0 0 95 0 0 0 0 0 0 0 0 76 57 0 0 0 0 0 0 0 0 0 68 63 0 0 0 0 51 
56 0 0 0 14 0 0 30 66 46 37 0 40 0 0 0 0 0 0 0 48 0 0 0 69 0 0 0 0 0 0 1 2 0 91 
0 0 0 0 0 0 0 78 0 0 0 0 0 0 0 0 45 0 0 65 76 0 0 26 0 0 0 14 21 0 0 0 79 65 0 
0 0 0 0 13 0 0 0 0 51 0 78 35 32 0 0 0 0 50 0 80 0 32 0 0 0 61 0 0 0 0 8 0 0 72 
0 14 0 13 0 0 0 0 0 0 0 0 65 0 0 0 0 0 0 0 0 0 27 0 0 0 0 0 0 74 0 0 0 0 0 
0 0 0 0 0 0 0 0 0 0 0 0 0 0 0 0 0 0 79 0 72 86 0 0 0 0 0 0 0 0 0 0 0 0 0 
0 0 0 0 0 0 0 0 0 0 0 0 0 0 0 78 0 68 0 0 77 0 0 0 0 0 0 22 0 0 0 0 0 38 0 
0 30 78 0 0 0 0 0 0 0 0 0 100 0 64 0 0 0 0 0 0 67 0 5 0 59 85 0 0 0 0 0 0 0 0 
95 66 0 0 0 0 0 0 0 17 0 0 0 76 0 0 0 0 0 0 0 0 97 0 0 0 0 87 0 0 0 0 0 0 0 
0 46 0 51 0 0 0 0 17 0 0 0 0 40 0 72 0 0 0 0 0 0 0 0 0 0 0 0 0 0 0 97 0 0 0 
0 37 0 0 0 0 0 0 0 0 0 0 0 0 0 0 0 66 86 0 0 0 78 70 0 0 0 0 0 0 31 0 0 0 0 
0 0 0 78 0 0 0 0 0 0 0 0 0 0 0 0 0 16 0 0 0 0 0 0 0 0 0 0 86 60 0 75 0 75 0 
0 40 0 35 65 0 0 100 0 0 0 0 0 54 89 0 88 77 0 0 0 0 49 57 0 0 0 58 0 0 0 0 26 0 0 
0 0 0 32 0 0 0 0 76 40 0 0 54 0 0 0 0 43 8 0 0 0 0 0 0 0 0 0 0 24 0 0 19 0 0 
0 0 0 0 0 0 0 64 0 0 0 0 89 0 0 0 0 0 18 0 0 0 0 22 0 0 0 0 0 0 0 0 0 0 0 
0 0 0 0 0 0 78 0 0 72 0 0 0 0 0 0 0 0 0 0 0 0 0 0 0 5 0 0 0 0 0 0 0 0 88 
0 0 45 0 0 0 0 0 0 0 0 0 88 0 0 0 0 0 0 0 0 0 37 0 0 0 0 0 0 0 27 39 0 0 0 
76 0 0 0 0 0 68 0 0 0 66 16 77 43 0 0 0 0 0 0 0 77 0 0 0 56 0 54 0 0 0 0 0 0 0 
57 0 0 50 0 79 0 0 0 0 86 0 0 8 18 0 0 0 0 0 66 0 0 41 0 0 0 0 0 0 0 0 41 0 0 
0 0 65 0 0 0 0 0 0 0 0 0 0 0 0 0 0 0 0 0 0 0 44 0 0 0 0 0 0 0 67 0 0 0 4 
0 48 76 80 0 72 77 0 0 0 0 0 0 0 0 0 0 0 66 0 0 0 0 0 0 0 39 0 0 0 1 0 72 0 93 
0 0 0 0 0 86 0 67 0 0 0 0 0 0 0 0 0 77 0 0 0 0 0 0 0 0 0 37 93 0 0 0 0 0 28 
0 0 0 32 27 0 0 0 97 0 78 0 49 0 0 0 37 0 0 44 0 0 0 83 0 0 0 0 0 0 0 0 3 0 0 
0 0 26 0 0 0 0 5 0 0 70 0 57 0 22 0 0 0 41 0 0 0 83 0 0 0 83 0 0 0 0 0 0 0 0 
0 69 0 0 0 0 0 0 0 0 0 0 0 0 0 0 0 0 0 0 0 0 0 0 0 0 73 0 0 64 12 98 0 0 0 
0 0 0 0 0 0 0 59 0 0 0 0 0 0 0 5 0 56 0 0 0 0 0 0 0 0 83 84 0 0 0 0 41 61 0 
0 0 0 61 0 0 0 85 0 0 0 0 0 0 0 0 0 0 0 0 39 0 0 83 73 83 0 0 0 68 0 0 70 0 0 
0 0 14 0 0 0 22 0 87 0 0 0 58 0 0 0 0 54 0 0 0 37 0 0 0 84 0 0 0 61 0 0 44 0 0 
68 0 21 0 0 0 0 0 0 0 0 86 0 0 0 0 0 0 0 0 0 93 0 0 0 0 0 0 0 0 0 0 0 0 0 
63 0 0 0 74 0 0 0 0 0 0 60 0 24 0 0 0 0 0 0 0 0 0 0 64 0 68 61 0 0 0 0 87 0 0 
0 0 0 0 0 0 0 0 0 0 31 0 0 0 0 0 27 0 0 67 1 0 0 0 12 0 0 0 0 0 0 0 96 0 3 
0 1 0 8 0 0 0 0 0 97 0 75 0 0 0 0 39 0 0 0 0 0 0 0 98 0 0 0 0 0 0 0 0 0 0 
0 2 79 0 0 0 0 0 0 0 0 0 26 19 0 0 0 0 41 0 72 0 3 0 0 41 70 44 0 87 96 0 0 0 0 
0 0 65 0 0 0 38 0 0 0 0 75 0 0 0 0 0 0 0 0 0 0 0 0 0 61 0 0 0 0 0 0 0 0 0 
51 91 0 72 0 0 0 0 0 0 0 0 0 0 0 88 0 0 0 4 93 28 0 0 0 0 0 0 0 0 3 0 0 0 0 
