0 0 0 21 10 20 4 17 0 0 27 28 0 30 15 
0 0 0 29 0 0 29 0 12 28 10 2 6 0 0 
0 0 0 15 0 0 28 0 12 0 30 28 10 27 0 
21 29 15 0 15 0 23 0 0 0 28 0 0 19 27 
10 0 0 15 0 0 9 16 16 0 0 17 5 14 0 
20 0 0 0 0 0 0 18 10 0 21 25 0 13 14 
4 29 28 23 9 0 0 0 0 3 0 24 7 0 0 
17 0 0 0 16 18 0 0 0 0 0 0 0 0 0 
0 12 12 0 16 10 0 0 0 22 19 0 0 19 22 
0 28 0 0 0 0 3 0 22 0 0 0 0 0 0 
27 10 30 28 0 21 0 0 19 0 0 23 0 19 25 
28 2 28 0 17 25 24 0 0 0 23 0 13 0 29 
0 6 10 0 5 0 7 0 0 0 0 13 0 0 0 
30 0 27 19 14 13 0 0 19 0 19 0 0 0 7 
15 0 0 27 0 14 0 0 22 0 25 29 0 7 0 
