0 0 0 0 0 0 0 0 0 0 0 0 0 0 0 0 0 0 0 0 0 0 0 0 0 0 0 0 0 0 0 0 0 0 0 0 0 0 0 0 
0 0 0 0 0 0 0 0 0 0 0 84 0 55 0 0 0 0 73 0 0 0 0 0 72 43 26 0 0 0 0 0 66 0 0 0 0 0 0 0 
0 0 0 0 73 66 0 0 0 0 0 0 0 0 0 0 0 0 0 68 0 0 0 0 0 0 57 82 0 0 0 0 26 59 0 0 27 0 0 0 
0 0 0 0 0 0 0 0 45 0 0 0 0 0 0 0 0 0 0 0 0 0 0 0 0 0 0 0 0 79 0 0 0 0 0 0 9 58 0 0 
0 0 73 0 0 0 0 0 0 0 16 17 0 0 0 25 0 0 0 0 0 0 0 0 0 0 0 0 0 0 0 0 0 24 0 0 0 0 0 0 
0 0 66 0 0 0 0 0 16 0 0 75 0 0 0 49 0 89 0 0 0 0 0 27 0 0 0 48 0 0 0 0 0 0 0 0 0 0 0 0 
0 0 0 0 0 0 0 0 0 0 0 0 0 0 0 0 0 0 0 45 0 0 0 29 55 0 0 0 0 0 0 0 0 0 0 0 0 0 0 0 
0 0 0 0 0 0 0 0 61 59 0 0 0 0 0 46 0 0 0 0 39 0 0 0 0 0 0 0 0 0 0 0 8 0 61 0 0 0 0 0 
0 0 0 45 0 16 0 61 0 54 0 2 0 80 4 0 0 49 0 0 0 0 0 0 0 0 0 0 0 0 0 0 0 0 0 0 0 0 0 0 
0 0 0 0 0 0 0 59 54 0 0 0 0 0 0 0 0 0 0 0 0 0 0 0 0 0 0 0 0 0 0 33 0 0 0 0 0 0 0 0 
0 0 0 0 16 0 0 0 0 0 0 0 0 0 0 0 0 0 0 0 0 0 84 0 0 75 0 46 0 0 0 0 0 0 42 0 0 0 0 0 
0 84 0 0 17 75 0 0 2 0 0 0 0 0 0 0 0 0 0 0 0 87 19 0 7 75 0 84 0 0 0 0 18 0 25 0 0 0 0 31 
0 0 0 0 0 0 0 0 0 0 0 0 0 0 0 0 0 0 0 0 0 0 78 0 0 0 0 0 0 0 0 0 0 0 0 0 0 0 0 0 
0 55 0 0 0 0 0 0 80 0 0 0 0 0 0 0 0 0 0 0 0 0 0 0 0 0 0 0 1 0 0 0 0 0 0 0 0 0 23 0 
0 0 0 0 0 0 0 0 4 0 0 0 0 0 0 63 0 0 0 0 0 0 0 0 0 0 0 0 0 0 0 0 89 0 0 0 26 0 20 0 
0 0 0 0 25 49 0 46 0 0 0 0 0 0 63 0 0 0 0 90 0 0 0 0 0 0 0 0 0 0 0 0 0 0 0 0 0 0 0 0 
0 0 0 0 0 0 0 0 0 0 0 0 0 0 0 0 0 0 0 0 0 0 0 0 0 0 0 0 0 0 0 0 0 0 0 0 0 0 0 0 
0 0 0 0 0 89 0 0 49 0 0 0 0 0 0 0 0 0 33 3 0 0 0 0 0 0 0 0 0 0 0 0 0 0 0 60 0 0 0 0 
0 73 0 0 0 0 0 0 0 0 0 0 0 0 0 0 0 33 0 0 0 0 6 0 0 0 0 0 0 0 0 0 0 0 0 0 0 0 0 0 
0 0 68 0 0 0 45 0 0 0 0 0 0 0 0 90 0 3 0 0 0 5 0 0 0 0 0 0 0 25 0 0 0 0 0 0 0 0 0 0 
0 0 0 0 0 0 0 39 0 0 0 0 0 0 0 0 0 0 0 0 0 0 0 0 0 0 0 0 0 0 0 0 41 0 0 49 24 0 70 0 
0 0 0 0 0 0 0 0 0 0 0 87 0 0 0 0 0 0 0 5 0 0 0 0 0 76 0 0 0 0 0 0 0 0 0 0 0 0 0 0 
0 0 0 0 0 0 0 0 0 0 84 19 78 0 0 0 0 0 6 0 0 0 0 0 0 0 0 0 0 0 0 0 0 3 0 0 0 0 0 0 
0 0 0 0 0 27 29 0 0 0 0 0 0 0 0 0 0 0 0 0 0 0 0 0 0 43 0 0 7 8 0 0 0 0 68 0 0 0 0 66 
0 72 0 0 0 0 55 0 0 0 0 7 0 0 0 0 0 0 0 0 0 0 0 0 0 0 0 0 0 0 67 88 15 0 0 0 0 14 0 0 
0 43 0 0 0 0 0 0 0 0 75 75 0 0 0 0 0 0 0 0 0 76 0 43 0 0 0 0 0 0 0 0 0 0 0 75 4 0 0 0 
0 26 57 0 0 0 0 0 0 0 0 0 0 0 0 0 0 0 0 0 0 0 0 0 0 0 0 0 0 0 0 0 0 0 0 17 14 0 0 0 
0 0 82 0 0 48 0 0 0 0 46 84 0 0 0 0 0 0 0 0 0 0 0 0 0 0 0 0 0 0 0 89 0 0 60 0 0 0 0 0 
0 0 0 0 0 0 0 0 0 0 0 0 0 1 0 0 0 0 0 0 0 0 0 7 0 0 0 0 0 0 13 0 0 0 0 0 41 0 0 0 
0 0 0 79 0 0 0 0 0 0 0 0 0 0 0 0 0 0 0 25 0 0 0 8 0 0 0 0 0 0 0 0 0 0 0 0 0 0 0 0 
0 0 0 0 0 0 0 0 0 0 0 0 0 0 0 0 0 0 0 0 0 0 0 0 67 0 0 0 13 0 0 0 0 0 0 0 0 0 0 0 
0 0 0 0 0 0 0 0 0 33 0 0 0 0 0 0 0 0 0 0 0 0 0 0 88 0 0 89 0 0 0 0 16 0 0 0 0 0 0 16 
0 66 26 0 0 0 0 8 0 0 0 18 0 0 89 0 0 0 0 0 41 0 0 0 15 0 0 0 0 0 0 16 0 0 0 0 46 0 0 0 
0 0 59 0 24 0 0 0 0 0 0 0 0 0 0 0 0 0 0 0 0 0 3 0 0 0 0 0 0 0 0 0 0 0 0 0 0 0 0 0 
0 0 0 0 0 0 0 61 0 0 42 25 0 0 0 0 0 0 0 0 0 0 0 68 0 0 0 60 0 0 0 0 0 0 0 0 0 3 0 0 
0 0 0 0 0 0 0 0 0 0 0 0 0 0 0 0 0 60 0 0 49 0 0 0 0 75 17 0 0 0 0 0 0 0 0 0 38 0 0 44 
0 0 27 9 0 0 0 0 0 0 0 0 0 0 26 0 0 0 0 0 24 0 0 0 0 4 14 0 41 0 0 0 46 0 0 38 0 0 0 75 
0 0 0 58 0 0 0 0 0 0 0 0 0 0 0 0 0 0 0 0 0 0 0 0 14 0 0 0 0 0 0 0 0 0 3 0 0 0 0 0 
0 0 0 0 0 0 0 0 0 0 0 0 0 23 20 0 0 0 0 0 70 0 0 0 0 0 0 0 0 0 0 0 0 0 0 0 0 0 0 0 
0 0 0 0 0 0 0 0 0 0 0 31 0 0 0 0 0 0 0 0 0 0 0 66 0 0 0 0 0 0 0 16 0 0 0 44 75 0 0 0 
